3 0 198 963 73
3 1111 325 132 33
3 1409 417 132 29
3 1733 256 201 29
3 2117 286 540 67
3 2798 397 144 31
3 3112 483 142 31
3 3429 597 142 31
3 3778 614 482 31
3 4460 545 204 31
3 4779 651 279 31
3 5176 652 209 31
3 5196 -12 72 557
3 5270 477 138 68
3 5267 264 138 68
3 5507 614 132 49
3 5507 358 138 68
3 5501 161 138 68
3 5637 159 72 557
3 5714 246 138 68
3 5955 379 120 68
3 6170 519 65 68
3 6359 654 549 68
3 6492 507 73 91
3 6487 0 73 441
3 7006 565 73 68
3 7245 496 142 68
3 7528 449 142 39
3 7828 389 138 39
3 8102 325 272 66
3 8304 391 73 220
3 8372 464 73 147 
3 8439 535 567 78
3 8606 271 140 23
4 8887 391 19 145