3 0 520 556 73
3 663 558 242 46
3 1014 516 217 51
3 1354 454 135 35
3 1581 394 135 35
3 1840 446 204 35
3 2238 354 482 35
3 3038 440 278 35
3 3038 198 278 35
3 3315 473 95 35
3 3663 398 166 35
3 3663 435 580 31
3 3829 38 414 35
3 3829 222 414 35
3 3759 331 55 13
3 4201 67 10 165
3 3555 575 139 35
3 3792 619 279 35
3 4216 608 137 24
3 4465 535 137 24
3 4685 449 251 39
3 5018 339 233 47
3 5383 280 281 47
3 5785 342 281 47
3 6201 376 141 47
3 6485 424 206 25
3 6794 452 227 34
3 7069 325 133 34
3 7313 247 550 34
3 7313 516 550 34
3 7824 0 13 253
3 7956 413 139 34
3 8177 314 138 34
3 8448 206 553 34
10 8906 163 15 44