3 0 610 1186 50
3 1264 513 150 34
3 1744 610 1257 78
3 3072 466 148 40
3 3231 342 324 48
3 3650 0 489 232
3 3650 342 489 232
3 4226 536 489 61
3 4787 536 2389 61
3 4922 479 154 61 
3 4969 394 154 85
3 5123 292 132 303
3 5311 292 692 303
3 5311 0 692 46
3 6078 512 1149 83
3 6329 374 355 43
3 6649 374 36 139 
3 6853 431 205 83 
3 7057 384 58 130 
3 7301 460 129 138
3 7301 0 129 286 
3 7454 0 656 37
3 7454 559 656 41
3 8117 0 83 173
3 8149 460 115 138 
3 8225 0 551 53
3 8320 554 493 41
3 8365 400 178 42 
3 8626 400 178 42
3 8721 252 274 42
3 8880 136 118 120
3 9000 0 987 134